830,141
832,142
834,143
836,144
838,145
840,146
842,147
844,148
846,149
848,150
850,151
852,152
854,153
856,154
858,155
860,156
862,157
864,158
866,159
868,160
870,161
872,162
874,163
876,164
878,165
880,166
882,167
884,168
886,169
888,170
881,174
883,175
885,176
887,177
889,178
891,179
893,180
895,181
897,182
899,183
901,184
903,185
905,186
907,187
909,188
911,189
913,190
915,191
917,192
919,193
921,194
923,195
925,196
927,197
929,198
931,199
933,200
935,201
937,202
939,203
932,207
934,208
936,209
938,210
940,211
942,212
944,213
946,214
948,215
950,216
952,217
954,218
956,219
958,220
960,221
962,222
964,223
966,224
968,225
970,226
972,227
974,228
976,229
978,230
980,231
982,232
984,233
986,234
988,235
990,236
983,240
985,241
987,242
989,243
991,244
993,245
995,246
997,247
999,248
100,249
100,250
100,251
100,252
100,253
101,254
101,255
101,256
101,257
101,258
102,259
102,260
102,261
102,262
102,263
103,264
103,265
103,266
103,267
103,268
104,269
1034,273
1035,272
1036,271
1037,270
1038,269
1039,268
1040,267
1041,266
1042,265
1043,264
1044,263
1045,262
1046,261
1047,260
1048,259
1049,258
1050,257
1051,256
1052,255
1053,254
1054,253
1055,252
1056,251
1057,250
1058,249
1059,248
1060,247
1061,246
1062,245
1063,244
1085,240
1087,241
1089,242
1091,243
1093,244
1095,245
1097,246
1099,247
1101,248
1103,249
1105,250
1107,251
1109,252
1111,253
1113,254
1115,255
1117,256
1119,257
1121,258
1123,259
1125,260
1127,261
1129,262
1131,263
1133,264
1135,265
1137,266
1139,267
1141,268
1143,269
1136,273
1138,274
1140,275
1142,276
1144,277
1146,278
1148,279
1150,280
1152,281
1154,282
1156,283
1158,284
1160,285
1162,286
1164,287
1166,288
1168,289
1170,290
1172,291
1174,292
1176,293
1178,294
1180,295
1182,296
1184,297
1186,298
1188,299
1190,300
1192,301
1194,302
1187,306
1189,307
1191,308
1193,309
1195,310
1197,311
1199,312
1201,313
1203,314
1205,315
1207,316
1209,317
1211,318
1213,319
1215,320
1217,321
1219,322
1221,323
1223,324
1225,325
1227,326
1229,327
1231,328
1233,329
1235,330
1237,331
1239,332
1241,333
1243,334
1245,335
1238,339
1237,340
1236,341
1235,342
1234,343
1233,344
1232,345
1231,346
1230,347
1229,348
1228,349
1227,350
1226,351
1225,352
1224,353
1223,354
1222,355
1221,356
1220,357
1219,358
1218,359
1217,360
1216,361
1215,362
1214,363
1213,364
1212,365
1211,366
1210,367
1209,368
1187,372
1189,373
1191,374
1193,375
1195,376
1197,377
1199,378
1201,379
1203,380
1205,381
1207,382
1209,383
1211,384
1213,385
1215,386
1217,387
1219,388
1221,389
1223,390
1225,391
1227,392
1229,393
1231,394
1233,395
1235,396
1237,397
1239,398
1241,399
1243,400
1245,401
1238,405
1240,406
1242,407
1244,408
1246,409
1248,410
1250,411
1252,412
1254,413
1256,414
1258,415
1260,416
1262,417
1264,418
1266,419
1268,420
1270,421
1272,422
1274,423
1276,424
1278,425
1280,426
1282,427
1284,428
1286,429
1288,430
1290,431
1292,432
1294,433
1296,434
1289,438
1288,439
1287,440
1286,441
1285,442
1284,443
1283,444
1282,445
1281,446
1280,447
1279,448
1278,449
1277,450
1276,451
1275,452
1274,453
1273,454
1272,455
1271,456
1270,457
1269,458
1268,459
1267,460
1266,461
1265,462
1264,463
1263,464
1262,465
1261,466
1260,467
1238,471
1237,472
1236,473
1235,474
1234,475
1233,476
1232,477
1231,478
1230,479
1229,480
1228,481
1227,482
1226,483
1225,484
1224,485
1223,486
1222,487
1221,488
1220,489
1219,490
1218,491
1217,492
1216,493
1215,494
1214,495
1213,496
1212,497
1211,498
1210,499
1209,500
1187,504
1186,505
1185,506
1184,507
1183,508
1182,509
1181,510
1180,511
1179,512
1178,513
1177,514
1176,515
1175,516
1174,517
1173,518
1172,519
1171,520
1170,521
1169,522
1168,523
1167,524
1166,525
1165,526
1164,527
1163,528
1162,529
1161,530
1160,531
1159,532
1158,533
1136,537
1138,538
1140,539
1142,540
1144,541
1146,542
1148,543
1150,544
1152,545
1154,546
1156,547
1158,548
1160,549
1162,550
1164,551
1166,552
1168,553
1170,554
1172,555
1174,556
1176,557
1178,558
1180,559
1182,560
1184,561
1186,562
1188,563
1190,564
1192,565
1194,566
1187,570
1186,571
1185,572
1184,573
1183,574
1182,575
1181,576
1180,577
1179,578
1178,579
1177,580
1176,581
1175,582
1174,583
1173,584
1172,585
1171,586
1170,587
1169,588
1168,589
1167,590
1166,591
1165,592
1164,593
1163,594
1162,595
1161,596
1160,597
1159,598
1158,599
1136,603
1135,604
1134,605
1133,606
1132,607
1131,608
1130,609
1129,610
1128,611
1127,612
1126,613
1125,614
1124,615
1123,616
1122,617
1121,618
1120,619
1119,620
1118,621
1117,622
1116,623
1115,624
1114,625
1113,626
1112,627
1111,628
1110,629
1109,630
1108,631
1107,632
1085,636
1084,637
1083,638
1082,639
1081,640
1080,641
1079,642
1078,643
1077,644
1076,645
1075,646
1074,647
1073,648
1072,649
1071,650
1070,651
1069,652
1068,653
1067,654
1066,655
1065,656
1064,657
1063,658
1062,659
1061,660
1060,661
1059,662
1058,663
1057,664
1056,665
1034,669
1033,670
1032,671
1031,672
1030,673
1029,674
1028,675
1027,676
1026,677
1025,678
1024,679
1023,680
1022,681
1021,682
1020,683
1019,684
1018,685
1017,686
1016,687
1015,688
1014,689
1013,690
1012,691
1011,692
1010,693
1009,694
1008,695
1007,696
1006,697
1005,698
983,702
982,701
981,700
980,699
979,698
978,697
977,696
976,695
975,694
974,693
973,692
972,691
971,690
970,689
969,688
968,687
967,686
966,685
965,684
964,683
963,682
962,681
961,680
960,679
959,678
958,677
957,676
956,675
955,674
954,673
932,669
931,670
930,671
929,672
928,673
927,674
926,675
925,676
924,677
923,678
922,679
921,680
920,681
919,682
918,683
917,684
916,685
915,686
914,687
913,688
912,689
911,690
910,691
909,692
908,693
907,694
906,695
905,696
904,697
903,698
881,702
880,701
879,700
878,699
877,698
876,697
875,696
874,695
873,694
872,693
871,692
870,691
869,690
868,689
867,688
866,687
865,686
864,685
863,684
862,683
861,682
860,681
859,680
858,679
857,678
856,677
855,676
854,675
853,674
852,673
830,669
829,668
828,667
827,666
826,665
825,664
824,663
823,662
822,661
821,660
820,659
819,658
818,657
817,656
816,655
815,654
814,653
813,652
812,651
811,650
810,649
809,648
808,647
807,646
806,645
805,644
804,643
803,642
802,641
801,640
779,636
778,635
777,634
776,633
775,632
774,631
773,630
772,629
771,628
770,627
769,626
768,625
767,624
766,623
765,622
764,621
763,620
762,619
761,618
760,617
759,616
758,615
757,614
756,613
755,612
754,611
753,610
752,609
751,608
750,607
728,603
727,602
726,601
725,600
724,599
723,598
722,597
721,596
720,595
719,594
718,593
717,592
716,591
715,590
714,589
713,588
712,587
711,586
710,585
709,584
708,583
707,582
706,581
705,580
704,579
703,578
702,577
701,576
700,575
699,574
677,570
678,569
679,568
680,567
681,566
682,565
683,564
684,563
685,562
686,561
687,560
688,559
689,558
690,557
691,556
692,555
693,554
694,553
695,552
696,551
697,550
698,549
699,548
700,547
701,546
702,545
703,544
704,543
705,542
706,541
728,537
727,536
726,535
725,534
724,533
723,532
722,531
721,530
720,529
719,528
718,527
717,526
716,525
715,524
714,523
713,522
712,521
711,520
710,519
709,518
708,517
707,516
706,515
705,514
704,513
703,512
702,511
701,510
700,509
699,508
677,504
678,503
679,502
680,501
681,500
682,499
683,498
684,497
685,496
686,495
687,494
688,493
689,492
690,491
691,490
692,489
693,488
694,487
695,486
696,485
697,484
698,483
699,482
700,481
701,480
702,479
703,478
704,477
705,476
706,475
728,471
729,470
730,469
731,468
732,467
733,466
734,465
735,464
736,463
737,462
738,461
739,460
740,459
741,458
742,457
743,456
744,455
745,454
746,453
747,452
748,451
749,450
750,449
751,448
752,447
753,446
754,445
755,444
756,443
757,442
779,438
780,437
781,436
782,435
783,434
784,433
785,432
786,431
787,430
788,429
789,428
790,427
791,426
792,425
793,424
794,423
795,422
796,421
797,420
798,419
799,418
800,417
801,416
802,415
803,414
804,413
805,412
806,411
807,410
808,409
830,405
831,404
832,403
833,402
834,401
835,400
836,399
837,398
838,397
839,396
840,395
841,394
842,393
843,392
844,391
845,390
846,389
847,388
848,387
849,386
850,385
851,384
852,383
853,382
854,381
855,380
856,379
857,378
858,377
859,376
881,372
882,371
883,370
884,369
885,368
886,367
887,366
888,365
889,364
890,363
891,362
892,361
893,360
894,359
895,358
896,357
897,356
898,355
899,354
900,353
901,352
902,351
903,350
904,349
905,348
906,347
907,346
908,345
909,344
910,343
932,339
934,340
936,341
938,342
940,343
942,344
944,345
946,346
948,347
950,348
952,349
954,350
956,351
958,352
960,353
962,354
964,355
966,356
968,357
970,358
972,359
974,360
976,361
978,362
980,363
982,364
984,365
986,366
988,367
990,368
983,372
985,373
987,374
989,375
991,376
993,377
995,378
997,379
999,380
100,381
100,382
100,383
100,384
100,385
101,386
101,387
101,388
101,389
101,390
102,391
102,392
102,393
102,394
102,395
103,396
103,397
103,398
103,399
103,400
104,401
1034,405
1036,406
1038,407
1040,408
1042,409
1044,410
1046,411
1048,412
1050,413
1052,414
1054,415
1056,416
1058,417
1060,418
1062,419
1064,420
1066,421
1068,422
1070,423
1072,424
1074,425
1076,426
1078,427
1080,428
1082,429
1084,430
1086,431
1088,432
1090,433
1092,434
1085,438
1084,439
1083,440
1082,441
1081,442
1080,443
1079,444
1078,445
1077,446
1076,447
1075,448
1074,449
1073,450
1072,451
1071,452
1070,453
1069,454
1068,455
1067,456
1066,457
1065,458
1064,459
1063,460
1062,461
1061,462
1060,463
1059,464
1058,465
1057,466
1056,467
1034,471
1033,472
1032,473
1031,474
1030,475
1029,476
1028,477
1027,478
1026,479
1025,480
1024,481
1023,482
1022,483
1021,484
1020,485
1019,486
1018,487
1017,488
1016,489
1015,490
1014,491
1013,492
1012,493
1011,494
1010,495
1009,496
1008,497
1007,498
1006,499
1005,500
983,504
982,503
981,502
980,501
979,500
978,499
977,498
976,497
975,496
974,495
973,494
972,493
971,492
970,491
969,490
968,489
967,488
966,487
965,486
964,485
963,484
962,483
961,482
960,481
959,480
958,479
957,478
956,477
955,476
954,475
